{"camera_angle_x": 0.6911112070083618, "frames": [{"file_path": "./train/r_0000", "rotation": 0.031415926535897934, "transform_matrix": [[-0.9999021291732788, 0.004192238673567772, -0.013345706276595592, -0.05379832163453102], [-0.013988666236400604, -0.29965901374816895, 0.95394366979599, 3.845470428466797], [-1.60921487246668e-09, 0.9540371894836426, 0.29968830943107605, 1.2080823183059692], [0.0, 0.0, 0.0, 1.0]]}, {"file_path": "./train/r_0001", "rotation": 0.031415926535897934, "transform_matrix": [[-0.9305422306060791, 0.11707556247711182, -0.34696462750434875, -1.398659110069275], [-0.3661845922470093, -0.2975105047225952, 0.8817006945610046, 3.5542497634887695], [-9.59950430257095e-09, 0.9475129842758179, 0.3197173476219177, 1.2888214588165283], [0.0, 0.0, 0.0, 1.0]]}, {"file_path": "./train/r_0002", "rotation": 0.031415926535897934, "transform_matrix": [[0.44296345114707947, 0.31377705931663513, -0.8398376703262329, -3.385493516921997], [-0.8965398073196411, 0.15503135323524475, -0.4149479866027832, -1.6727094650268555], [1.7612258318422391e-09, 0.9367546439170837, 0.3499867618083954, 1.4108426570892334], [0.0, 0.0, 0.0, 1.0]]}, {"file_path": "./train/r_0003", "rotation": 0.031415926535897934, "transform_matrix": [[0.7956317663192749, 0.5209260582923889, -0.3092023730278015, -1.2464345693588257], [-0.6057805418968201, 0.6841839551925659, -0.40610623359680176, -1.6370664834976196], [-2.4444176460747258e-08, 0.5104197859764099, 0.859925389289856, 3.4664700031280518], [0.0, 0.0, 0.0, 1.0]]}, {"file_path": "./train/r_0004", "rotation": 0.031415926535897934, "transform_matrix": [[-0.6566543579101562, -0.23678214848041534, 0.716058075428009, 2.8865230083465576], [0.7541916370391846, -0.2061598151922226, 0.6234524846076965, 2.513216972351074], [-1.9572327758510255e-08, 0.9494378566741943, 0.3139548599720001, 1.26559317111969], [0.0, 0.0, 0.0, 1.0]]}, {"file_path": "./train/r_0005", "rotation": 0.031415926535897934, "transform_matrix": [[-0.12173829972743988, 0.6862695217132568, -0.7170870900154114, -2.8906705379486084], [-0.9925621747970581, -0.0841713398694992, 0.08795113116502762, 0.35454243421554565], [3.165137263394513e-09, 0.7224605679512024, 0.691412091255188, 2.7871713638305664], [0.0, 0.0, 0.0, 1.0]]}, {"file_path": "./train/r_0006", "rotation": 0.031415926535897934, "transform_matrix": [[0.6570731401443481, -0.5113322138786316, 0.5538901090621948, 2.232801914215088], [0.7538268566131592, 0.4457026422023773, -0.4827982783317566, -1.9462224245071411], [6.5597349774293434e-09, 0.7347710728645325, 0.6783151030540466, 2.7343761920928955], [0.0, 0.0, 0.0, 1.0]]}, {"file_path": "./train/r_0007", "rotation": 0.031415926535897934, "transform_matrix": [[0.9045066237449646, 0.42524266242980957, -0.032197851687669754, -0.12979382276535034], [-0.426459938287735, 0.9019248485565186, -0.06829045712947845, -0.2752881646156311], [2.555927380853973e-08, 0.07550026476383209, 0.9971457123756409, 4.019623279571533], [0.0, 0.0, 0.0, 1.0]]}, {"file_path": "./train/r_0008", "rotation": 0.031415926535897934, "transform_matrix": [[0.15998972952365875, 0.3304663300514221, -0.9301587343215942, -3.7495899200439453], [-0.987118661403656, 0.05356115847826004, -0.1507578045129776, -0.607723593711853], [5.194330299218564e-09, 0.9422966241836548, 0.334778755903244, 1.3495359420776367], [0.0, 0.0, 0.0, 1.0]]}, {"file_path": "./train/r_0009", "rotation": 0.031415926535897934, "transform_matrix": [[-0.23337791860103607, 0.4425657093524933, -0.8658349514007568, -3.4902923107147217], [-0.9723861217498779, -0.10621823370456696, 0.20780503749847412, 0.8376882672309875], [-7.986117367408951e-08, 0.8904229998588562, 0.4551337659358978, 1.834703803062439], [0.0, 0.0, 0.0, 1.0]]}, {"file_path": "./train/r_0010", "rotation": 0.031415926535897934, "transform_matrix": [[0.5218666791915894, 0.1868440955877304, -0.8323126435279846, -3.3551595211029053], [-0.8530270457267761, 0.11430790275335312, -0.5091939568519592, -2.052626848220825], [3.525915204249941e-08, 0.9757166504859924, 0.2190365344285965, 0.882965087890625], [0.0, 0.0, 0.0, 1.0]]}, {"file_path": "./train/r_0011", "rotation": 0.031415926535897934, "transform_matrix": [[-0.9757387042045593, -0.17523744702339172, 0.13124699890613556, 0.52907395362854], [0.21893823146820068, -0.7809780836105347, 0.5849266052246094, 2.357914447784424], [-1.4548200866215666e-08, 0.5994704365730286, 0.8003968596458435, 3.2265028953552246], [0.0, 0.0, 0.0, 1.0]]}, {"file_path": "./train/r_0012", "rotation": 0.031415926535897934, "transform_matrix": [[-0.9713073372840881, 0.20477889478206635, -0.12094447761774063, -0.48754292726516724], [-0.2378275841474533, -0.8363337516784668, 0.4939471483230591, 1.9911646842956543], [7.782841038306287e-09, 0.5085384249687195, 0.8610392212867737, 3.4709601402282715], [0.0, 0.0, 0.0, 1.0]]}, {"file_path": "./train/r_0013", "rotation": 0.031415926535897934, "transform_matrix": [[0.8429084420204163, -0.09502746909856796, 0.5295990109443665, 2.1348819732666016], [0.5380570888519287, 0.14886800944805145, -0.8296582102775574, -3.3444597721099854], [-3.089954958568342e-08, 0.9842803478240967, 0.17661230266094208, 0.7119466662406921], [0.0, 0.0, 0.0, 1.0]]}, {"file_path": "./train/r_0014", "rotation": 0.031415926535897934, "transform_matrix": [[-0.06348514556884766, 0.8717355132102966, -0.48584651947021484, -1.9585098028182983], [-0.9979828000068665, -0.055454086512327194, 0.03090643882751465, 0.12458765506744385], [6.553460707436898e-08, 0.4868285655975342, 0.8734975457191467, 3.521181106567383], [0.0, 0.0, 0.0, 1.0]]}, {"file_path": "./train/r_0015", "rotation": 0.031415926535897934, "transform_matrix": [[-0.6865485310554504, -0.308628112077713, 0.658331036567688, 2.6538169384002686], [0.7270838618278503, -0.29142189025878906, 0.6216287016868591, 2.5058655738830566], [-2.0450327653520617e-08, 0.9054402112960815, 0.4244738221168518, 1.7111091613769531], [0.0, 0.0, 0.0, 1.0]]}, {"file_path": "./train/r_0016", "rotation": 0.031415926535897934, "transform_matrix": [[0.13035723567008972, 0.5973314642906189, -0.7913292646408081, -3.1899499893188477], [-0.9914671182632446, 0.07853658497333527, -0.10404330492019653, -0.41941213607788086], [-4.262915354047436e-08, 0.7981396913528442, 0.6024723052978516, 2.4286444187164307], [0.0, 0.0, 0.0, 1.0]]}, {"file_path": "./train/r_0017", "rotation": 0.031415926535897934, "transform_matrix": [[0.286622017621994, -0.25357696413993835, 0.9238758087158203, 3.7242627143859863], [0.95804363489151, 0.07586374878883362, -0.2763998806476593, -1.1142032146453857], [-4.489289651132822e-08, 0.9643357396125793, 0.2646820545196533, 1.066967248916626], [0.0, 0.0, 0.0, 1.0]]}, {"file_path": "./train/r_0018", "rotation": 0.031415926535897934, "transform_matrix": [[-0.09750019758939743, -0.9662679433822632, 0.23836949467658997, 0.9608983993530273], [0.9952355027198792, -0.09466231614351273, 0.02335238642990589, 0.09413626790046692], [-5.2789712157164104e-08, 0.2395106703042984, 0.9708936214447021, 3.913797616958618], [0.0, 0.0, 0.0, 1.0]]}, {"file_path": "./train/r_0019", "rotation": 0.031415926535897934, "transform_matrix": [[0.5655173063278198, -0.25014522671699524, 0.7858863472938538, 3.1680095195770264], [0.8247364163398743, 0.17152322828769684, -0.5388780236244202, -2.1722869873046875], [1.7471285529424563e-09, 0.9528940916061401, 0.30330321192741394, 1.2226545810699463], [0.0, 0.0, 0.0, 1.0]]}, {"file_path": "./train/r_0020", "rotation": 0.031415926535897934, "transform_matrix": [[0.8422730565071106, -0.25616008043289185, 0.4742974042892456, 1.9119539260864258], [0.5390510559082031, 0.40025293827056885, -0.7410947680473328, -2.9874486923217773], [-1.5817022358532995e-08, 0.8798747658729553, 0.47520560026168823, 1.915615439414978], [0.0, 0.0, 0.0, 1.0]]}, {"file_path": "./train/r_0021", "rotation": 0.031415926535897934, "transform_matrix": [[0.904808521270752, 0.3769117593765259, -0.19813843071460724, -0.7987216114997864], [-0.4258183538913727, 0.8008883595466614, -0.4210183918476105, -1.6971794366836548], [-1.2995110765245954e-08, 0.465312123298645, 0.8851465582847595, 3.5681405067443848], [0.0, 0.0, 0.0, 1.0]]}, {"file_path": "./train/r_0022", "rotation": 0.031415926535897934, "transform_matrix": [[-0.46025583148002625, -0.5367125272750854, 0.707180380821228, 2.8507351875305176], [0.887786328792572, -0.27824828028678894, 0.3666241765022278, 1.4779094457626343], [-6.825317910852391e-08, 0.7965659499168396, 0.6045514345169067, 2.437025308609009], [0.0, 0.0, 0.0, 1.0]]}, {"file_path": "./train/r_0023", "rotation": 0.031415926535897934, "transform_matrix": [[-0.46751582622528076, 0.5285975337028503, -0.7085290551185608, -2.8561718463897705], [-0.8839846849441528, -0.27956104278564453, 0.37472209334373474, 1.5105533599853516], [5.8814340064827775e-08, 0.8015173077583313, 0.5979713797569275, 2.4105000495910645], [0.0, 0.0, 0.0, 1.0]]}, {"file_path": "./train/r_0024", "rotation": 0.031415926535897934, "transform_matrix": [[0.7739521861076355, 0.35971805453300476, -0.521153450012207, -2.1008365154266357], [-0.6332440376281738, 0.4396480619907379, -0.6369548439979553, -2.5676472187042236], [-4.440489576040818e-08, 0.8229900002479553, 0.5680558085441589, 2.2899067401885986], [0.0, 0.0, 0.0, 1.0]]}, {"file_path": "./train/r_0025", "rotation": 0.031415926535897934, "transform_matrix": [[-0.16134585440158844, -0.39970943331718445, 0.9023301601409912, 3.637409210205078], [0.9868979454040527, -0.06534774601459503, 0.1475200057029724, 0.5946717858314514], [1.0867934463476558e-07, 0.9143096208572388, 0.4050159156322479, 1.6326723098754883], [0.0, 0.0, 0.0, 1.0]]}, {"file_path": "./train/r_0026", "rotation": 0.031415926535897934, "transform_matrix": [[-0.9752574563026428, -0.03920064866542816, 0.2175687849521637, 0.8770476579666138], [0.22107212245464325, -0.17293325066566467, 0.9598025679588318, 3.8690884113311768], [-5.629617216840188e-09, 0.9841530919075012, 0.17732061445713043, 0.7148017883300781], [0.0, 0.0, 0.0, 1.0]]}, {"file_path": "./train/r_0027", "rotation": 0.031415926535897934, "transform_matrix": [[-0.9902960658073425, 0.09176143258810043, -0.10437168926000595, -0.42073559761047363], [-0.1389734148979187, -0.653873085975647, 0.7437312602996826, 2.9980766773223877], [-1.8938761670028725e-09, 0.7510190606117249, 0.6602804064750671, 2.6616756916046143], [0.0, 0.0, 0.0, 1.0]]}, {"file_path": "./train/r_0028", "rotation": 0.031415926535897934, "transform_matrix": [[0.7852337956428528, -0.33010703325271606, 0.5238675475120544, 2.111776828765869], [0.6191993951797485, 0.418623149394989, -0.6643393039703369, -2.678037405014038], [-9.308521953244053e-09, 0.8460400104522705, 0.5331192016601562, 2.1490728855133057], [0.0, 0.0, 0.0, 1.0]]}, {"file_path": "./train/r_0029", "rotation": 0.031415926535897934, "transform_matrix": [[0.8931811451911926, 0.20586317777633667, -0.399809330701828, -1.6116830110549927], [-0.44969668984413147, 0.4088825285434723, -0.7940955758094788, -3.2011020183563232], [1.478466238324927e-08, 0.889064371585846, 0.45778220891952515, 1.8453792333602905], [0.0, 0.0, 0.0, 1.0]]}, {"file_path": "./train/r_0030", "rotation": 0.031415926535897934, "transform_matrix": [[-0.2867388427257538, -0.8562213182449341, 0.42972761392593384, 1.7322875261306763], [0.9580087661743164, -0.25627315044403076, 0.12862052023410797, 0.5184860825538635], [5.172902106664878e-09, 0.4485633671283722, 0.8937509655952454, 3.60282564163208], [0.0, 0.0, 0.0, 1.0]]}, {"file_path": "./train/r_0031", "rotation": 0.031415926535897934, "transform_matrix": [[-0.1550106555223465, 0.9340341687202454, -0.3217945992946625, -1.2971957921981812], [-0.9879127144813538, -0.14655670523643494, 0.05049195885658264, 0.20353946089744568], [5.853571138914049e-08, 0.3257317841053009, 0.945462167263031, 3.8112800121307373], [0.0, 0.0, 0.0, 1.0]]}, {"file_path": "./train/r_0032", "rotation": 0.031415926535897934, "transform_matrix": [[6.242195377126336e-05, 0.21157875657081604, -0.9773609042167664, -3.9398677349090576], [-1.0, 1.3172309991205111e-05, -6.1016322433715686e-05, -0.0002467483573127538], [-3.565763861956839e-08, 0.9773608446121216, 0.21157877147197723, 0.8529018759727478], [0.0, 0.0, 0.0, 1.0]]}, {"file_path": "./train/r_0033", "rotation": 0.031415926535897934, "transform_matrix": [[0.7431972622871399, -0.5280798077583313, 0.4108399450778961, 1.6561487913131714], [0.6690723896026611, 0.5865844488143921, -0.4563559293746948, -1.8396297693252563], [1.572513141923082e-08, 0.6140441298484802, 0.7892715334892273, 3.1816558837890625], [0.0, 0.0, 0.0, 1.0]]}, {"file_path": "./train/r_0034", "rotation": 0.031415926535897934, "transform_matrix": [[-0.7566120624542236, 0.34157970547676086, -0.5575495362281799, -2.247554063796997], [-0.6538640260696411, -0.3952554762363434, 0.6451627016067505, 2.600733995437622], [-1.2256577974767424e-09, 0.8526994585990906, 0.522401750087738, 2.1058690547943115], [0.0, 0.0, 0.0, 1.0]]}, {"file_path": "./train/r_0035", "rotation": 0.031415926535897934, "transform_matrix": [[-0.39778971672058105, 0.37038618326187134, -0.8393909931182861, -3.3836936950683594], [-0.9174765348434448, -0.16058817505836487, 0.3639342188835144, 1.4670655727386475], [-7.061301232624828e-08, 0.9148910045623779, 0.40370094776153564, 1.6273707151412964], [0.0, 0.0, 0.0, 1.0]]}, {"file_path": "./train/r_0036", "rotation": 0.031415926535897934, "transform_matrix": [[0.7656702995300293, -0.47312435507774353, 0.4357779026031494, 1.7566769123077393], [0.6432332396507263, 0.5631817579269409, -0.5187265872955322, -2.0910537242889404], [1.8794763079199583e-08, 0.6774803400039673, 0.7355408668518066, 2.965060234069824], [0.0, 0.0, 0.0, 1.0]]}, {"file_path": "./train/r_0037", "rotation": 0.031415926535897934, "transform_matrix": [[-0.463466078042984, -0.8589087724685669, 0.21788732707500458, 0.8783321380615234], [0.8861146569252014, -0.44923654198646545, 0.11396200954914093, 0.4593953788280487], [-2.7395836710297772e-08, 0.24589070677757263, 0.969297468662262, 3.9073634147644043], [0.0, 0.0, 0.0, 1.0]]}, {"file_path": "./train/r_0038", "rotation": 0.031415926535897934, "transform_matrix": [[-0.8262398838996887, 0.21388967335224152, -0.5211320519447327, -2.10075044631958], [-0.5633182525634766, -0.31371989846229553, 0.7643638849258423, 3.081249952316284], [4.410276943644931e-08, 0.9251113533973694, 0.3796958327293396, 1.5306031703948975], [0.0, 0.0, 0.0, 1.0]]}, {"file_path": "./train/r_0039", "rotation": 0.031415926535897934, "transform_matrix": [[-0.9966232180595398, 0.07444928586483002, -0.03463122621178627, -0.13960279524326324], [-0.08210979402065277, -0.9036423563957214, 0.4203431308269501, 1.6944570541381836], [3.432519379842347e-09, 0.42176729440689087, 0.9067041277885437, 3.655041217803955], [0.0, 0.0, 0.0, 1.0]]}, {"file_path": "./train/r_0040", "rotation": 0.031415926535897934, "transform_matrix": [[-0.437981516122818, 0.3472016155719757, -0.8292304277420044, -3.3427348136901855], [-0.8989839553833008, -0.1691553145647049, 0.40399783849716187, 1.6285674571990967], [-2.8919547645500643e-08, 0.922408401966095, 0.38621559739112854, 1.5568854808807373], [0.0, 0.0, 0.0, 1.0]]}, {"file_path": "./train/r_0041", "rotation": 0.031415926535897934, "transform_matrix": [[-0.994414210319519, 0.02083444409072399, -0.1034713014960289, -0.41710659861564636], [-0.10554802417755127, -0.196290522813797, 0.9748484492301941, 3.9297399520874023], [-9.96037208267353e-09, 0.980324387550354, 0.19739310443401337, 0.7957176566123962], [0.0, 0.0, 0.0, 1.0]]}, {"file_path": "./train/r_0042", "rotation": 0.031415926535897934, "transform_matrix": [[-0.9928660988807678, -0.019224021583795547, 0.11767484992742538, 0.47436219453811646], [0.11923480033874512, -0.1600780487060547, 0.9798764586448669, 3.9500086307525635], [-5.416576964734077e-09, 0.9869171380996704, 0.1612282246351242, 0.6499325037002563], [0.0, 0.0, 0.0, 1.0]]}, {"file_path": "./train/r_0043", "rotation": 0.031415926535897934, "transform_matrix": [[0.6021550893783569, -0.635220468044281, 0.48363640904426575, 1.9496005773544312], [0.798379123210907, 0.47909727692604065, -0.3647691309452057, -1.4704318046569824], [-4.52636470527068e-08, 0.605772852897644, 0.7956376075744629, 3.207318067550659], [0.0, 0.0, 0.0, 1.0]]}, {"file_path": "./train/r_0044", "rotation": 0.031415926535897934, "transform_matrix": [[0.4958595037460327, 0.7388697862625122, -0.4562835693359375, -1.8393374681472778], [-0.8684027791023254, 0.42189592123031616, -0.2605387270450592, -1.0502654314041138], [-1.8154912240220256e-08, 0.5254284739494324, 0.850837767124176, 3.4298367500305176], [0.0, 0.0, 0.0, 1.0]]}, {"file_path": "./train/r_0045", "rotation": 0.031415926535897934, "transform_matrix": [[-0.5594504475593567, 0.5238707065582275, -0.6423196196556091, -2.589273452758789], [-0.8288636207580566, -0.3535921573638916, 0.43354058265686035, 1.7476580142974854], [5.719423512573485e-08, 0.774940013885498, 0.6320347189903259, 2.5478134155273438], [0.0, 0.0, 0.0, 1.0]]}, {"file_path": "./train/r_0046", "rotation": 0.031415926535897934, "transform_matrix": [[0.9999964833259583, -0.001891873893328011, 0.0018659689230844378, 0.007521961349993944], [0.0026572593487799168, 0.7119618058204651, -0.7022131681442261, -2.830711603164673], [9.698038205829818e-11, 0.7022156119346619, 0.7119643092155457, 2.8700201511383057], [0.0, 0.0, 0.0, 1.0]]}, {"file_path": "./train/r_0047", "rotation": 0.031415926535897934, "transform_matrix": [[-0.9168165326118469, -0.3853738605976105, 0.1045677587389946, 0.42152610421180725], [0.3993087112903595, -0.8848220705986023, 0.2400885373353958, 0.9678280353546143], [1.0456020049787185e-08, 0.26187196373939514, 0.9651026129722595, 3.8904531002044678], [0.0, 0.0, 0.0, 1.0]]}, {"file_path": "./train/r_0048", "rotation": 0.031415926535897934, "transform_matrix": [[0.999915599822998, -0.012454097159206867, 0.003698349930346012, 0.014908524230122566], [0.012991627678275108, 0.9585440158843994, -0.28464776277542114, -1.1474518775939941], [-3.4914154900533845e-11, 0.2846717834472656, 0.9586248993873596, 3.8643410205841064], [0.0, 0.0, 0.0, 1.0]]}, {"file_path": "./train/r_0049", "rotation": 0.031415926535897934, "transform_matrix": [[0.3739572763442993, -0.8564796447753906, 0.3558065891265869, 1.434301733970642], [0.9274458885192871, 0.34534287452697754, -0.14346545934677124, -0.5783282518386841], [-6.453631407055127e-09, 0.3836413025856018, 0.9234821200370789, 3.7226758003234863], [0.0, 0.0, 0.0, 1.0]]}, {"file_path": "./train/r_0050", "rotation": 0.031415926535897934, "transform_matrix": [[-0.9326562881469727, -0.22499780356884003, 0.2820071578025818, 1.1368069648742676], [0.3607659339904785, -0.5816669464111328, 0.7290482521057129, 2.938887357711792], [-4.194223190978619e-09, 0.7816900014877319, 0.6236669421195984, 2.514082431793213], [0.0, 0.0, 0.0, 1.0]]}, {"file_path": "./train/r_0051", "rotation": 0.031415926535897934, "transform_matrix": [[-0.8471797108650208, 0.14040513336658478, -0.5124186873435974, -2.0656259059906006], [-0.5313064455986023, -0.22387902438640594, 0.8170626759529114, 3.2936851978302], [5.23441512356726e-09, 0.9644504189491272, 0.26426389813423157, 1.0652819871902466], [0.0, 0.0, 0.0, 1.0]]}, {"file_path": "./train/r_0052", "rotation": 0.031415926535897934, "transform_matrix": [[0.5719919204711914, 0.34370848536491394, -0.7447748780250549, -3.002284049987793], [-0.8202592730522156, 0.23967847228050232, -0.5193543434143066, -2.0935845375061035], [6.487219650352927e-10, 0.9079750776290894, 0.41902419924736023, 1.6891403198242188], [0.0, 0.0, 0.0, 1.0]]}, {"file_path": "./train/r_0053", "rotation": 0.031415926535897934, "transform_matrix": [[0.20791082084178925, 0.16523784399032593, -0.9640898704528809, -3.886370897293091], [-0.9781477451324463, 0.03512214869260788, -0.20492276549339294, -0.8260704278945923], [-8.770486914499998e-08, 0.9856281876564026, 0.16892927885055542, 0.6809762716293335], [0.0, 0.0, 0.0, 1.0]]}, {"file_path": "./train/r_0054", "rotation": 0.031415926535897934, "transform_matrix": [[-0.3006930351257324, 0.47792521119117737, -0.8253308534622192, -3.3270153999328613], [-0.9537209868431091, -0.15068219602108002, 0.2602136731147766, 1.048954725265503], [1.5216725657296593e-08, 0.8653798699378967, 0.5011162757873535, 2.0200648307800293], [0.0, 0.0, 0.0, 1.0]]}, {"file_path": "./train/r_0055", "rotation": 0.031415926535897934, "transform_matrix": [[0.933196485042572, -0.07844068109989166, 0.3507015109062195, 1.413723111152649], [0.35936683416366577, 0.2036932110786438, -0.910694420337677, -3.6711270809173584], [-1.8780248467464844e-08, 0.9758873581886292, 0.21827471256256104, 0.8798936009407043], [0.0, 0.0, 0.0, 1.0]]}, {"file_path": "./train/r_0056", "rotation": 0.031415926535897934, "transform_matrix": [[-0.5703679919242859, 0.8067229986190796, -0.15452638268470764, -0.6229158639907837], [-0.8213893175125122, -0.5601837635040283, 0.10730216652154922, 0.43254923820495605], [-4.1893514435287216e-08, 0.1881280541419983, 0.9821444153785706, 3.959151029586792], [0.0, 0.0, 0.0, 1.0]]}, {"file_path": "./train/r_0057", "rotation": 0.031415926535897934, "transform_matrix": [[-0.9822137355804443, -0.16775885224342346, 0.08433844894170761, 0.339978963136673], [0.18776582181453705, -0.8775561451911926, 0.4411792457103729, 1.7784502506256104], [-6.053798795591092e-09, 0.44916820526123047, 0.89344722032547, 3.6016008853912354], [0.0, 0.0, 0.0, 1.0]]}, {"file_path": "./train/r_0058", "rotation": 0.031415926535897934, "transform_matrix": [[-0.3330279290676117, 0.7478147745132446, -0.5743390917778015, -2.315235137939453], [-0.942916989326477, -0.264119952917099, 0.20285026729106903, 0.8177154660224915], [2.8854977074388444e-08, 0.6091089248657227, 0.7930864691734314, 3.1970341205596924], [0.0, 0.0, 0.0, 1.0]]}, {"file_path": "./train/r_0059", "rotation": 0.031415926535897934, "transform_matrix": [[-0.28166836500167847, -0.5504832863807678, 0.7858949303627014, 3.168043851852417], [0.959511935710907, -0.16159647703170776, 0.23070243000984192, 0.929991602897644], [2.9999657868984286e-08, 0.819057047367096, 0.5737118124961853, 2.31270694732666], [0.0, 0.0, 0.0, 1.0]]}, {"file_path": "./train/r_0060", "rotation": 0.031415926535897934, "transform_matrix": [[-0.7199268937110901, 0.14755988121032715, -0.6781823039054871, -2.7338404655456543], [-0.6940497756004333, -0.15306147933006287, 0.7034677863121033, 2.8357691764831543], [3.655089386711552e-08, 0.9771378040313721, 0.2126069813966751, 0.8570468425750732], [0.0, 0.0, 0.0, 1.0]]}, {"file_path": "./train/r_0061", "rotation": 0.031415926535897934, "transform_matrix": [[-0.999970555305481, 0.005657183472067118, -0.0051768324337899685, -0.020868491381406784], [-0.0076683321967720985, -0.7377115488052368, 0.675072431564331, 2.721303939819336], [-5.412735260001966e-10, 0.675092339515686, 0.7377331852912903, 2.973897933959961], [0.0, 0.0, 0.0, 1.0]]}, {"file_path": "./train/r_0062", "rotation": 0.031415926535897934, "transform_matrix": [[-0.26151397824287415, 0.9203335046768188, -0.2908550798892975, -1.1724741458892822], [-0.9651997089385986, -0.24935781955718994, 0.07880502939224243, 0.31767338514328003], [-7.599503248911788e-08, 0.30134186148643494, 0.9535160660743713, 3.8437466621398926], [0.0, 0.0, 0.0, 1.0]]}, {"file_path": "./train/r_0063", "rotation": 0.031415926535897934, "transform_matrix": [[0.7933608889579773, -0.19958889484405518, 0.5751022100448608, 2.3183114528656006], [0.6087514758110046, 0.2601160407066345, -0.7495071887969971, -3.021360397338867], [-1.5328074809417558e-08, 0.9447242021560669, 0.32786592841148376, 1.3216705322265625], [0.0, 0.0, 0.0, 1.0]]}, {"file_path": "./train/r_0064", "rotation": 0.031415926535897934, "transform_matrix": [[-0.9780508875846863, 0.035429105162620544, -0.205331951379776, -0.8277195692062378], [-0.20836611092090607, -0.16630087792873383, 0.9638088345527649, 3.885237693786621], [6.771080918177574e-10, 0.9854384064674377, 0.17003293335437775, 0.6854256391525269], [0.0, 0.0, 0.0, 1.0]]}, {"file_path": "./train/r_0065", "rotation": 0.031415926535897934, "transform_matrix": [[0.9800371527671814, -0.03900723159313202, 0.1949501931667328, 0.7858693599700928], [0.19881436228752136, 0.1922825127840042, -0.9609891176223755, -3.873871326446533], [1.0569998210030462e-08, 0.9805640578269958, 0.1961991786956787, 0.7909042835235596], [0.0, 0.0, 0.0, 1.0]]}, {"file_path": "./train/r_0066", "rotation": 0.031415926535897934, "transform_matrix": [[-0.7107512950897217, 0.5660614371299744, -0.4176207482814789, -1.683483362197876], [-0.7034434080123901, -0.5719420909881592, 0.4219593107700348, 1.7009721994400024], [2.5879101084314016e-09, 0.5936806797981262, 0.8047007322311401, 3.243852376937866], [0.0, 0.0, 0.0, 1.0]]}, {"file_path": "./train/r_0067", "rotation": 0.031415926535897934, "transform_matrix": [[-0.9999840259552002, 0.0027926696930080652, -0.004916692618280649, -0.019819926470518112], [-0.005654456093907356, -0.4938805103302002, 0.8695113658905029, 3.505112648010254], [-7.046745964522927e-10, 0.8695253133773804, 0.49388840794563293, 1.990927815437317], [0.0, 0.0, 0.0, 1.0]]}, {"file_path": "./train/r_0068", "rotation": 0.031415926535897934, "transform_matrix": [[0.5215555429458618, -0.444038063287735, 0.7285671234130859, 2.9369475841522217], [0.8532173037528992, 0.2714320421218872, -0.44535931944847107, -1.7953004837036133], [5.239558120706533e-09, 0.8539056777954102, 0.5204278826713562, 2.097911834716797], [0.0, 0.0, 0.0, 1.0]]}, {"file_path": "./train/r_0069", "rotation": 0.031415926535897934, "transform_matrix": [[0.23253433406352997, 0.15243282914161682, -0.9605684876441956, -3.872175693511963], [-0.9725881814956665, 0.036444928497076035, -0.22966055572032928, -0.925791323184967], [4.0269103607215584e-08, 0.9876416325569153, 0.156729057431221, 0.6317951679229736], [0.0, 0.0, 0.0, 1.0]]}, {"file_path": "./train/r_0070", "rotation": 0.031415926535897934, "transform_matrix": [[0.9624335765838623, -0.08285906910896301, 0.2585652768611908, 1.0423099994659424], [0.271517276763916, 0.2937062978744507, -0.9165231585502625, -3.6946234703063965], [1.202073995898445e-08, 0.9522977471351624, 0.3051704466342926, 1.2301819324493408], [0.0, 0.0, 0.0, 1.0]]}, {"file_path": "./train/r_0071", "rotation": 0.031415926535897934, "transform_matrix": [[0.9513998627662659, 0.20872905850410461, -0.22642995417118073, -0.9127683639526367], [-0.30795833468437195, 0.6448430418968201, -0.6995278000831604, -2.8198866844177246], [-4.112640894504693e-09, 0.7352616190910339, 0.6777834296226501, 2.7322323322296143], [0.0, 0.0, 0.0, 1.0]]}, {"file_path": "./train/r_0072", "rotation": 0.031415926535897934, "transform_matrix": [[0.3274252414703369, -0.3260417580604553, 0.8868423104286194, 3.5749754905700684], [0.944877028465271, 0.1129821166396141, -0.3073147237300873, -1.238826036453247], [1.083517986444349e-07, 0.9385796189308167, 0.34506258368492126, 1.3909926414489746], [0.0, 0.0, 0.0, 1.0]]}, {"file_path": "./train/r_0073", "rotation": 0.031415926535897934, "transform_matrix": [[0.646645724773407, -0.41129517555236816, 0.6424059867858887, 2.5896217823028564], [0.7627904415130615, 0.3486701548099518, -0.5445913672447205, -2.1953184604644775], [-4.9027413240310125e-09, 0.8421789407730103, 0.5391980409622192, 2.173576593399048], [0.0, 0.0, 0.0, 1.0]]}, {"file_path": "./train/r_0074", "rotation": 0.031415926535897934, "transform_matrix": [[-0.7232142090797424, -0.2793498933315277, 0.6316049098968506, 2.546081066131592], [0.6906237602233887, -0.29253238439559937, 0.6614102721214294, 2.666229724884033], [-6.2863518834888055e-09, 0.9145427346229553, 0.4044892191886902, 1.6305487155914307], [0.0, 0.0, 0.0, 1.0]]}, {"file_path": "./train/r_0075", "rotation": 0.031415926535897934, "transform_matrix": [[-0.9798774123191833, 0.03400515764951706, -0.19668211042881012, -0.7928509712219238], [-0.19960013031959534, -0.16693824529647827, 0.9655523300170898, 3.892266273498535], [-8.470005141703041e-09, 0.9853807687759399, 0.17036643624305725, 0.6867690086364746], [0.0, 0.0, 0.0, 1.0]]}, {"file_path": "./train/r_0076", "rotation": 0.031415926535897934, "transform_matrix": [[0.9977990388870239, 0.025931673124432564, -0.06102924793958664, -0.246016725897789], [-0.06631004065275192, 0.39020630717277527, -0.9183364510536194, -3.701932668685913], [-3.1691729240890254e-09, 0.920362114906311, 0.3910670280456543, 1.576442003250122], [0.0, 0.0, 0.0, 1.0]]}, {"file_path": "./train/r_0077", "rotation": 0.031415926535897934, "transform_matrix": [[-0.30372709035873413, -0.8604696393013, 0.4090745747089386, 1.649032473564148], [0.9527590274810791, -0.27430641651153564, 0.1304076611995697, 0.5256894826889038], [-4.429453070997624e-08, 0.4293579161167145, 0.9031344652175903, 3.640651226043701], [0.0, 0.0, 0.0, 1.0]]}, {"file_path": "./train/r_0078", "rotation": 0.031415926535897934, "transform_matrix": [[-0.6693150401115417, 0.18098625540733337, -0.7205978631973267, -2.904823064804077], [-0.7429786324501038, -0.1630421280860901, 0.6491532325744629, 2.6168203353881836], [-2.506688745462782e-10, 0.9698769450187683, 0.24359549582004547, 0.9819653034210205], [0.0, 0.0, 0.0, 1.0]]}, {"file_path": "./train/r_0079", "rotation": 0.031415926535897934, "transform_matrix": [[-0.9993038773536682, -0.03262238949537277, 0.01809479109942913, 0.07294226437807083], [0.03730471059679985, -0.8738756775856018, 0.4847160875797272, 1.9539530277252197], [-7.921238109886986e-10, 0.4850537180900574, 0.8744843602180481, 3.5251591205596924], [0.0, 0.0, 0.0, 1.0]]}, {"file_path": "./train/r_0080", "rotation": 0.031415926535897934, "transform_matrix": [[0.39210328459739685, -0.6728718280792236, 0.6272945404052734, 2.52870512008667], [0.9199212193489075, 0.2868020236492157, -0.2673753499984741, -1.077824592590332], [8.119341643464395e-09, 0.6819003224372864, 0.7314450144767761, 2.948549509048462], [0.0, 0.0, 0.0, 1.0]]}, {"file_path": "./train/r_0081", "rotation": 0.031415926535897934, "transform_matrix": [[-0.8941853046417236, 0.14062991738319397, -0.42503610253334045, -1.7133750915527344], [-0.44769686460494995, -0.280880331993103, 0.848924994468689, 3.422126293182373], [-2.2457145476550977e-08, 0.9493837356567383, 0.3141186237335205, 1.2662529945373535], [0.0, 0.0, 0.0, 1.0]]}, {"file_path": "./train/r_0082", "rotation": 0.031415926535897934, "transform_matrix": [[-0.9460079073905945, 0.3076193928718567, -0.1021728664636612, -0.4118720591068268], [-0.3241434693336487, -0.8977826833724976, 0.2981899380683899, 1.2020422220230103], [-2.2057728088498152e-08, 0.3152087330818176, 0.9490222930908203, 3.8256313800811768], [0.0, 0.0, 0.0, 1.0]]}, {"file_path": "./train/r_0083", "rotation": 0.031415926535897934, "transform_matrix": [[-0.04847287759184837, 0.4803525507450104, -0.8757349848747253, -3.530200481414795], [-0.9988244771957397, -0.023311523720622063, 0.042499326169490814, 0.1713196337223053], [-5.7475293857578436e-08, 0.8767656683921814, 0.48091787099838257, 1.9386422634124756], [0.0, 0.0, 0.0, 1.0]]}, {"file_path": "./train/r_0084", "rotation": 0.031415926535897934, "transform_matrix": [[0.9660431146621704, -0.19308900833129883, 0.17168912291526794, 0.692101001739502], [0.2583805322647095, 0.721928596496582, -0.641917884349823, -2.587653875350952], [1.8624299324976334e-10, 0.6644815802574158, 0.7473046779632568, 3.012481451034546], [0.0, 0.0, 0.0, 1.0]]}, {"file_path": "./train/r_0085", "rotation": 0.031415926535897934, "transform_matrix": [[-0.14186334609985352, 0.1658409684896469, -0.9758952260017395, -3.933959484100342], [-0.9898861646652222, -0.023767124861478806, 0.13985826075077057, 0.5637863874435425], [7.827624770584407e-09, 0.9858660101890564, 0.16753537952899933, 0.6753571033477783], [0.0, 0.0, 0.0, 1.0]]}, {"file_path": "./train/r_0086", "rotation": 0.031415926535897934, "transform_matrix": [[0.7959837913513184, -0.5319463014602661, 0.2888646721839905, 1.1644508838653564], [0.6053177714347839, 0.6995013952255249, -0.3798527419567108, -1.5312353372573853], [1.9355228531026114e-08, 0.477211594581604, 0.878788411617279, 3.5425093173980713], [0.0, 0.0, 0.0, 1.0]]}, {"file_path": "./train/r_0087", "rotation": 0.031415926535897934, "transform_matrix": [[0.4446316063404083, 0.7389402389526367, -0.5062311887741089, -2.0406837463378906], [-0.8957135081291199, 0.3668094575405121, -0.25129279494285583, -1.0129939317703247], [1.7528984486148147e-08, 0.56517094373703, 0.8249737024307251, 3.325575590133667], [0.0, 0.0, 0.0, 1.0]]}, {"file_path": "./train/r_0088", "rotation": 0.031415926535897934, "transform_matrix": [[-0.9978622794151306, 0.0653422474861145, -0.0011283273342996836, -0.00454852357506752], [-0.06535200029611588, -0.9977134466171265, 0.01722816377878189, 0.0694514811038971], [-2.0407181722248424e-08, 0.017265072092413902, 0.999850869178772, 4.0305280685424805], [0.0, 0.0, 0.0, 1.0]]}, {"file_path": "./train/r_0089", "rotation": 0.031415926535897934, "transform_matrix": [[0.9958323836326599, 0.01890718564391136, -0.08922121673822403, -0.359662264585495], [-0.09120255708694458, 0.2064458280801773, -0.9741982221603394, -3.9271185398101807], [5.171016947969065e-10, 0.9782753586769104, 0.2073098123073578, 0.8356927633285522], [0.0, 0.0, 0.0, 1.0]]}, {"file_path": "./train/r_0090", "rotation": 0.031415926535897934, "transform_matrix": [[0.08438786119222641, 0.5158343315124512, -0.8525218367576599, -3.4366254806518555], [-0.996432900428772, 0.04368598386645317, -0.07220003753900528, -0.2910483777523041], [-3.6916987244950406e-09, 0.8555737733840942, 0.517680823802948, 2.086838722229004], [0.0, 0.0, 0.0, 1.0]]}, {"file_path": "./train/r_0091", "rotation": 0.031415926535897934, "transform_matrix": [[0.9833629727363586, -0.17399616539478302, 0.052178755402565, 0.21033930778503418], [0.18165156245231628, 0.941920816898346, -0.2824675142765045, -1.1386629343032837], [9.765253494720127e-09, 0.2872464656829834, 0.9578567147254944, 3.861243963241577], [0.0, 0.0, 0.0, 1.0]]}, {"file_path": "./train/r_0092", "rotation": 0.031415926535897934, "transform_matrix": [[0.8475822806358337, 0.40216803550720215, -0.3462150990962982, -1.3956377506256104], [-0.5306637287139893, 0.642347514629364, -0.5529788732528687, -2.2291290760040283], [-8.536894746669077e-09, 0.6524189710617065, 0.7578585147857666, 3.055025339126587], [0.0, 0.0, 0.0, 1.0]]}, {"file_path": "./train/r_0093", "rotation": 0.031415926535897934, "transform_matrix": [[0.4769367575645447, 0.7483182549476624, -0.461032509803772, -1.8584816455841064], [-0.8789376020431519, 0.4060589373111725, -0.25016945600509644, -1.0084656476974487], [-9.963306624172219e-09, 0.5245338678359985, 0.8513893485069275, 3.432060956954956], [0.0, 0.0, 0.0, 1.0]]}, {"file_path": "./train/r_0094", "rotation": 0.031415926535897934, "transform_matrix": [[-0.47700220346450806, 0.48234066367149353, -0.7347218990325928, -2.961758852005005], [-0.8789020776748657, -0.2617783546447754, 0.39875197410583496, 1.6074209213256836], [1.3691276556926368e-08, 0.8359543085098267, 0.5487990379333496, 2.212280035018921], [0.0, 0.0, 0.0, 1.0]]}, {"file_path": "./train/r_0095", "rotation": 0.031415926535897934, "transform_matrix": [[0.4534713625907898, -0.11268516629934311, 0.8841186165809631, 3.5639960765838623], [0.8912708163261414, 0.05733324959874153, -0.44983237981796265, -1.813332438468933], [4.297269740050069e-08, 0.9919751286506653, 0.12643200159072876, 0.5096641182899475], [0.0, 0.0, 0.0, 1.0]]}, {"file_path": "./train/r_0096", "rotation": 0.031415926535897934, "transform_matrix": [[-0.5146697163581848, 0.42225340008735657, -0.746201753616333, -3.008035659790039], [-0.8573884963989258, -0.2534685432910919, 0.44792696833610535, 1.805651307106018], [3.6912219059104245e-08, 0.8703193664550781, 0.49248772859573364, 1.9852819442749023], [0.0, 0.0, 0.0, 1.0]]}, {"file_path": "./train/r_0097", "rotation": 0.031415926535897934, "transform_matrix": [[-0.08526181429624557, 0.4900963306427002, -0.8674882650375366, -3.4969570636749268], [-0.9963585734367371, -0.041939157992601395, 0.07423397898674011, 0.29924672842025757], [7.215453479147982e-08, 0.8706587553024292, 0.4918874502182007, 1.982862114906311], [0.0, 0.0, 0.0, 1.0]]}, {"file_path": "./train/r_0098", "rotation": 0.031415926535897934, "transform_matrix": [[0.9965561628341675, 0.03072894923388958, -0.07701651751995087, -0.31046348810195923], [-0.08292051404714584, 0.36930689215660095, -0.9256006479263306, -3.731215476989746], [-6.080883352410638e-09, 0.9287990927696228, 0.370583176612854, 1.4938690662384033], [0.0, 0.0, 0.0, 1.0]]}, {"file_path": "./train/r_0099", "rotation": 0.031415926535897934, "transform_matrix": [[0.4406328797340393, -0.730517566204071, 0.5217151045799255, 2.1031012535095215], [0.8976873755455017, 0.35857701301574707, -0.256085604429245, -1.032314419746399], [-6.59339249864388e-09, 0.5811768770217896, 0.8137771487236023, 3.2804408073425293], [0.0, 0.0, 0.0, 1.0]]}]}
